1299
1065
1035
927
733
451
181
172
502
688
1088
1117
1147
917
743
724
211
104
39
767
702
669
776
1091
1080
1010
636
198
145
105
98
58
920
843
588
327
1257
1174
936
779
0
1321
1278
1240
590
443
336
295
223
828
849
932
785
738
629
568
453
69
41
1230
884
793
680
362
310
216
139
1105
732
402
347
1346
1335
396
268
462
881
979
1218
1209
990
871
394
257
163
80
1199
973
935
837
498
1314
1246
1131
861
816
653
1025
1045
1268
1259
956
516
514
814
1060
944
713
307
285
212
1191
692
249
154
1231
996
619
418
77
53
1247
1204
1070
922
664
156
150
870
959
580
358
350
225
1228
1011
790
331
1130
1086
991
939
882
1110
1029
661
654
646
643
185
1004
725
534
345
106
1129
823
731
415
234
900
834
796
721
616
522
96
67
46
880
789
886
1018
577
1188
484
371
233
147
9
1193
1125
690
287
1267
1081
615
374
293
142
1303
748
65
1340
729
492
435
377
1316
574
110
1118
1309
1282
765
754
953
683
360
349
226
161
17
1279
1235
1216
986
627
323
1164
1141
1114
579
571
404
1337
1260
1210
1178
795
566
414
446
298
269
132
584
1180
874
486
86
966
495
356
788
1186
1194
1272
559
283
1133
1044
952
854
271
59
1173
1034
981
554
1163
1236
943
844
698
264
1297
1092
130
152
278
506
575
815
490
64
759
831
5
833
541
395
325
162
1255
587
468
344
277
1339
591
1150
984
878
751
550
499
825
777
708
449
15
13
1003
848
774
113
1027
626
424
359
52
1250
1115
783
144
1005
889
563
91
78
761
149
1313
1061
808
242
390
634
1038
1040
998
988
101
741
608
1258
993
655
351
128
1094
1172
289
720
850
582
929
420
296
47
888
407
1090
701
609
450
1203
210
1263
606
191
1227
1226
1153
745
576
542
650
25
916
873
869
640
557
430
324
366
111
199
1311
320
474
955
651
1222
1338
1187
813
768
332
1265
987
432
722
565
545
82
112
742
496
363
200
204
1168
1016
933
883
235
1225
919
427
316
45
238
1345
1123
1030
461
391
367
116
115
1220
963
572
313
201
56
1328
1315
1207
1177
1175
704
401
312
1251
1152
1098
951
842
328
736
718
684
1270
491
464
437
388
380
203
194
20
810
1275
1139
947
752
400
173
1056
1009
594
553
454
303
301
263
997
739
518
426
348
326
274
50
1047
780
663
548
434
126
802
737
681
907
972
227
22
125
413
466
539
1078
1229
1213
1050
856
847
602
1214
950
894
892
439
346
1143
260
1170
699
429
92
90
364
43
7
398
746
1142
1111
995
1324
965
876
753
749
740
382
659
625
483
180
153
100
44
1285
807
622
1317
1083
957
711
387
1300
1160
826
469
433
1
1012
1281
1121
526
37
897
686
537
1264
821
471
447
24
1254
1162
1291
1095
1075
505
436
261
961
840
662
460
28
179
72
771
529
419
253
1198
940
735
620
508
1120
1224
1074
801
772
682
532
214
1217
1119
862
859
403
372
1006
982
672
1342
1252
949
583
422
410
399
379
716
1013
969
812
361
159
977
1015
1020
1132
1113
536
329
308
1215
459
408
340
109
89
1329
985
804
562
321
299
75
1332
942
292
266
121
6
135
921
913
560
1277
1211
1122
1102
165
155
60
136
1171
1028
657
723
353
122
343
330
190
23
284
632
773
1033
906
867
535
54
57
389
79
27
764
270
246
1261
879
875
357
134
18
458
547
610
660
645
137
117
1336
1234
248
1041
1197
123
1289
976
237
61
1007
858
551
412
250
1296
1101
803
1248
1054
417
1288
1137
762
1084
42
1185
586
528
1294
1032
658
964
727
259
138
1344
231
14
26
32
470
1042
1310
1269
1138
781
1158
857
782
416
1192
193
1106
1077
533
500
1333
1341
1000
715
666
644
1099
864
676
244
197
1136
652
637
206
665
589
477
341
48
440
441
675
593
478
318
1318
1069
55
1242
1253
322
12
726
918
445
95
1001
978
899
494
1037
1031
925
1107
600
485
1108
1049
832
421
267
1071
896
770
598
809
1293
1058
989
891
614
245
158
1301
1284
1243
836
302
928
792
276
1155
1159
1109
1019
1072
475
148
945
338
19
728
481
456
141
35
1128
890
887
677
631
1157
798
1219
236
1271
709
463
314
256
674
515
487
38
538
333
174
76
202
290
800
678
1146
893
239
167
1053
1205
1112
895
33
784
902
140
811
1169
1062
1266
656
1320
1082
567
428
1287
924
511
1343
1126
915
272
243
169
1002
524
222
99
671
221
63
1306
1292
1262
730
710
384
240
1151
855
838
525
504
1232
846
207
107
103
1014
1124
971
339
119
1283
647
455
352
34
734
1249
1063
1039
901
482
319
1305
1295
758
546
375
948
585
251
712
578
281
171
1239
1298
703
605
405
992
787
705
693
151
146
21
757
29
10
786
769
592
309
1302
523
452
386
229
794
369
157
520
860
695
912
1156
1017
392
342
1149
967
624
543
604
376
1046
294
31
1176
1066
1023
687
564
1325
1022
623
611
275
213
1190
1189
501
479
124
558
465
1103
872
797
775
488
286
252
178
160
747
438
30
1331
1237
1201
1179
273
85
1319
1304
1089
910
457
258
51
4
1144
954
791
208
183
1148
1052
766
649
385
1330
1182
1068
827
685
628
354
903
168
74
97
335
512
1322
476
68
638
714
962
934
938
841
11
1181
941
877
618
228
1327
1241
1093
467
1221
1057
601
93
1021
980
898
806
527
473
254
184
40
679
431
411
673
974
717
143
521
696
1085
1059
175
120
1233
1206
805
186
1274
853
448
835
824
1196
1064
931
914
129
83
970
315
304
66
1079
513
176
1195
1127
1096
444
311
596
71
700
1051
1024
423
393
297
617
595
378
668
975
1307
1100
305
87
368
1200
908
822
397
288
131
118
84
1134
851
517
1276
291
1286
1167
1140
744
205
1048
958
839
189
755
760
36
1145
905
667
639
556
209
573
472
217
999
642
102
909
868
581
569
425
409
885
607
70
510
187
114
1073
994
946
613
255
597
232
689
599
166
306
1202
1104
719
334
300
188
1280
706
280
262
1238
1212
1208
818
641
182
756
635
621
337
224
763
691
630
177
133
62
1154
852
373
355
241
218
778
1245
845
670
612
383
1008
750
648
549
370
164
81
1290
819
799
544
540
2
1312
1087
127
108
317
265
960
926
493
49
1026
215
73
1067
1184
603
509
406
1055
552
196
94
1076
1036
911
195
1256
830
697
442
8
1308
904
570
381
282
220
866
829
817
1165
968
507
480
170
1244
930
555
489
16
1116
1097
530
1183
1326
1223
497
3
1323
983
279
219
519
865
633
1161
1334
1166
1043
694
923
937
561
820
707
531
1273
863
247
88
365
503
1135
230
192
1299
1117
1065
1035
927
733
688
502
451
181
172
1147
1088
917
776
743
724
211
104
39
1257
1091
1080
1010
767
702
636
198
145
105
98
58
920
843
669
588
327
1174
936
779
0
1321
1278
1240
849
590
443
336
295
223
932
828
785
738
629
568
453
69
41
1230
884
793
680
362
310
216
139
1105
979
732
462
402
347
1346
1335
881
396
268
1218
1209
990
871
394
257
163
80
1199
973
935
837
498
1314
1246
1131
1045
1025
861
816
653
1268
1259
1191
956
814
516
514
1060
944
713
307
285
212
692
249
154
1231
996
619
418
77
53
1247
1204
1070
922
870
664
156
150
959
580
358
350
225
1228
1011
790
331
1130
1086
991
939
882
1110
1029
661
654
646
643
185
1004
725
534
345
106
1129
823
731
415
234
900
886
834
796
721
616
522
96
67
46
1018
880
577
1188
789
484
371
233
147
9
1193
1125
690
287
1267
1081
615
374
293
142
1303
748
65
1340
1118
729
492
435
377
1316
574
110
1309
1282
765
754
953
683
360
349
226
161
17
1279
1235
1216
986
627
323
1164
1141
1114
579
571
404
1337
1260
1210
1178
795
566
414
1186
584
446
298
269
132
1180
874
486
86
1194
966
788
495
356
1272
559
283
1133
1044
952
854
271
1236
1173
59
1163
1034
981
554
943
844
698
264
1297
1092
575
278
130
506
152
815
759
490
64
831
5
833
541
395
325
162
1255
587
468
344
277
1339
591
1150
984
878
751
550
499
825
777
708
449
15
13
1003
848
774
113
1027
626
424
359
52
1250
1115
783
144
1005
889
563
91
78
761
149
1313
1061
1038
808
242
634
390
1040
998
988
101
741
608
1258
1094
993
655
351
128
1172
720
289
850
582
929
420
296
47
888
407
1090
701
609
450
1203
210
1263
1227
606
191
1226
1153
745
576
542
1338
1311
650
25
916
873
869
640
557
474
430
324
955
651
366
199
111
1222
320
1187
813
768
332
1265
987
432
722
565
545
112
82
742
496
363
204
200
1168
1016
933
883
235
1225
919
427
316
238
45
1345
1123
1030
461
391
367
116
115
1220
963
572
313
201
56
1328
1315
1207
1177
1175
704
401
312
1251
1152
1098
951
842
328
736
718
684
1270
810
491
464
437
388
380
203
194
20
1275
1139
947
752
400
173
1056
1009
594
553
454
303
301
263
1229
997
739
518
426
348
326
274
50
1078
1047
907
780
663
548
434
126
972
802
737
681
539
466
413
227
125
1213
1050
856
847
602
22
1214
950
894
892
439
346
1143
260
1170
746
699
429
398
92
90
1142
1111
995
364
43
7
1324
965
876
753
749
740
382
659
625
483
180
153
100
44
1285
807
622
1317
1083
957
711
387
1300
1160
1012
826
469
433
1
1281
1121
526
37
1291
897
686
537
1264
1254
821
471
447
24
1162
1095
1075
505
436
261
961
840
771
662
460
28
179
72
1198
529
419
253
940
735
620
508
1120
1224
1074
801
772
682
532
214
1342
1217
1119
862
859
403
372
1006
982
672
1252
949
716
583
422
410
399
379
1020
1013
969
812
361
159
1132
1113
1015
977
536
329
308
1215
459
408
340
109
89
1329
985
804
562
321
299
75
1332
942
292
266
135
921
913
560
121
6
1277
1211
1122
1102
165
155
136
1171
1028
657
60
723
632
353
122
773
343
330
190
23
1033
284
906
867
535
57
389
79
54
27
764
270
246
1261
879
875
610
357
134
660
645
547
458
18
137
117
1336
1234
1041
248
1197
123
1289
976
237
61
1007
858
551
412
250
1296
1101
803
1248
1054
417
1288
1137
762
1294
1084
42
1185
586
528
1032
658
964
727
470
259
138
1344
1042
231
32
26
14
1310
1269
1138
781
1158
857
782
416
1333
1192
193
1341
1106
1077
533
500
1099
1000
715
666
644
864
676
244
197
1136
652
637
206
1318
665
589
477
441
341
48
675
593
478
440
318
1242
1069
55
1253
322
12
726
918
445
95
1001
978
899
494
1037
1031
925
1108
1107
600
485
1049
832
421
267
1071
896
809
770
598
1293
1058
989
891
614
245
158
1301
1284
1243
836
1155
302
928
792
276
1159
1109
1019
1072
475
148
945
338
19
728
481
456
141
35
1128
890
887
677
631
1157
798
1219
236
1271
709
463
314
256
674
515
487
38
538
333
290
800
678
202
174
76
1146
893
239
167
1053
1205
1112
895
784
33
902
811
140
1169
1062
1266
656
1320
1082
567
428
1287
924
511
1343
1126
915
272
243
169
1002
524
222
99
671
221
63
1306
1292
1262
730
710
384
240
1151
855
838
525
504
1232
1014
846
207
107
103
1124
971
339
119
1283
734
647
455
352
34
1249
1063
1039
901
482
319
1305
1295
758
546
375
1239
948
585
251
712
578
281
171
1298
703
605
405
992
787
705
693
151
146
21
757
29
10
786
769
592
309
1302
523
452
386
229
912
794
520
369
157
1156
1017
860
392
342
1149
967
695
624
543
604
376
1046
294
31
1176
1066
1023
687
564
1325
1022
623
611
275
213
1190
1189
501
479
124
558
465
1103
872
797
775
488
286
252
178
160
747
438
30
1331
1237
1201
1179
273
85
1319
1304
1089
910
457
258
51
4
1144
954
791
208
183
1148
1052
766
649
385
1330
1182
1068
962
827
685
628
354
903
638
512
168
97
714
335
74
1322
934
476
68
938
841
11
1181
941
877
618
228
1327
1241
1093
467
1221
1057
601
93
1021
980
898
806
527
473
254
184
40
679
673
431
411
974
717
521
143
696
1085
1059
175
120
1233
1206
805
186
1274
853
448
835
824
1196
1064
931
914
129
83
970
315
304
66
1079
513
176
1195
1127
1096
700
444
311
596
71
1051
1024
423
393
297
975
668
617
595
378
1307
1100
305
87
368
1200
908
822
397
288
131
118
84
1134
851
517
1276
291
1286
1167
1140
744
205
1048
958
839
755
189
760
36
1145
905
667
639
556
209
573
472
217
999
642
102
909
868
581
569
425
409
885
607
70
510
187
114
1073
994
946
613
255
597
232
689
599
306
166
1202
1104
719
334
300
188
1280
706
280
262
1238
1212
1208
818
641
182
756
635
621
337
224
763
691
630
177
133
62
1245
1154
852
778
373
355
241
218
845
670
612
383
1008
750
648
549
370
164
81
1290
819
799
544
540
2
1312
1087
960
127
108
317
265
1067
926
493
49
1026
215
73
1184
603
509
406
1055
552
196
94
1076
1036
911
195
1256
830
697
442
8
1308
904
570
381
282
220
866
829
817
1165
968
507
480
170
1244
930
555
489
16
1183
1116
1097
530
1326
1223
497
3
1323
983
865
279
219
1334
519
1161
633
1166
1043
694
923
937
561
820
707
531
1273
863
247
88
365
503
1135
230
192
1299
1065
1035
927
733
451
181
172
502
688
1088
1117
1147
917
743
724
211
104
39
767
702
669
776
1091
1080
1010
636
198
145
105
98
58
920
843
588
327
1257
1174
936
779
0
1321
1278
1240
590
443
336
295
223
828
849
932
785
738
629
568
453
69
41
1230
884
793
680
362
310
216
139
1105
732
402
347
1346
1335
396
268
462
881
979
1218
1209
990
871
394
257
163
80
1199
973
935
837
498
1314
1246
1131
861
816
653
1025
1045
1268
1259
956
516
514
814
1060
944
713
307
285
212
1191
692
249
154
1231
996
619
418
77
53
1247
1204
1070
922
664
156
150
870
959
580
358
350
225
1228
1011
790
331
1130
1086
991
939
882
1110
1029
661
654
646
643
185
1004
725
534
345
106
1129
823
731
415
234
900
834
796
721
616
522
96
67
46
880
789
886
1018
577
1188
484
371
233
147
9
1193
1125
690
287
1267
1081
615
374
293
142
1303
748
65
1340
729
492
435
377
1316
574
110
1118
1309
1282
765
754
953
683
360
349
226
161
17
1279
1235
1216
986
627
323
1164
1141
1114
579
571
404
1337
1260
1210
1178
795
566
414
446
298
269
132
584
1180
874
486
86
966
495
356
788
1186
1194
1272
559
283
1133
1044
952
854
271
59
1173
1034
981
554
1163
1236
943
844
698
264
1297
1092
130
152
278
506
575
815
490
64
759
831
5
833
541
395
325
162
1255
587
468
344
277
1339
591
1150
984
878
751
550
499
825
777
708
449
15
13
1003
848
774
113
1027
626
424
359
52
1250
1115
783
144
1005
889
563
91
78
761
149
1313
1061
808
242
390
634
1038
1040
998
988
101
741
608
1258
993
655
351
128
1094
1172
289
720
850
582
929
420
296
47
888
407
1090
701
609
450
1203
210
1263
606
191
1227
1226
1153
745
576
542
650
25
916
873
869
640
557
430
324
366
111
199
1311
320
474
955
651
1222
1338
1187
813
768
332
1265
987
432
722
565
545
82
112
742
496
363
200
204
1168
1016
933
883
235
1225
919
427
316
45
238
1345
1123
1030
461
391
367
116
115
1220
963
572
313
201
56
1328
1315
1207
1177
1175
704
401
312
1251
1152
1098
951
842
328
736
718
684
1270
491
464
437
388
380
203
194
20
810
1275
1139
947
752
400
173
1056
1009
594
553
454
303
301
263
997
739
518
426
348
326
274
50
1047
780
663
548
434
126
802
737
681
907
972
227
22
125
413
466
539
1078
1229
1213
1050
856
847
602
1214
950
894
892
439
346
1143
260
1170
699
429
92
90
364
43
7
398
746
1142
1111
995
1324
965
876
753
749
740
382
659
625
483
180
153
100
44
1285
807
622
1317
1083
957
711
387
1300
1160
826
469
433
1
1012
1281
1121
526
37
897
686
537
1264
821
471
447
24
1254
1162
1291
1095
1075
505
436
261
961
840
662
460
28
179
72
771
529
419
253
1198
940
735
620
508
1120
1224
1074
801
772
682
532
214
1217
1119
862
859
403
372
1006
982
672
1342
1252
949
583
422
410
399
379
716
1013
969
812
361
159
977
1015
1020
1132
1113
536
329
308
1215
459
408
340
109
89
1329
985
804
562
321
299
75
1332
942
292
266
121
6
135
921
913
560
1277
1211
1122
1102
165
155
60
136
1171
1028
657
723
353
122
343
330
190
23
284
632
773
1033
906
867
535
54
57
389
79
27
764
270
246
1261
879
875
357
134
18
458
547
610
660
645
137
117
1336
1234
248
1041
1197
123
1289
976
237
61
1007
858
551
412
250
1296
1101
803
1248
1054
417
1288
1137
762
1084
42
1185
586
528
1294
1032
658
964
727
259
138
1344
231
14
26
32
470
1042
1310
1269
1138
781
1158
857
782
416
1192
193
1106
1077
533
500
1333
1341
1000
715
666
644
1099
864
676
244
197
1136
652
637
206
665
589
477
341
48
440
441
675
593
478
318
1318
1069
55
1242
1253
322
12
726
918
445
95
1001
978
899
494
1037
1031
925
1107
600
485
1108
1049
832
421
267
1071
896
770
598
809
1293
1058
989
891
614
245
158
1301
1284
1243
836
302
928
792
276
1155
1159
1109
1019
1072
475
148
945
338
19
728
481
456
141
35
1128
890
887
677
631
1157
798
1219
236
1271
709
463
314
256
674
515
487
38
538
333
174
76
202
290
800
678
1146
893
239
167
1053
1205
1112
895
33
784
902
140
811
1169
1062
1266
656
1320
1082
567
428
1287
924
511
1343
1126
915
272
243
169
1002
524
222
99
671
221
63
1306
1292
1262
730
710
384
240
1151
855
838
525
504
1232
846
207
107
103
1014
1124
971
339
119
1283
647
455
352
34
734
1249
1063
1039
901
482
319
1305
1295
758
546
375
948
585
251
712
578
281
171
1239
1298
703
605
405
992
787
705
693
151
146
21
757
29
10
786
769
592
309
1302
523
452
386
229
794
369
157
520
860
695
912
1156
1017
392
342
1149
967
624
543
604
376
1046
294
31
1176
1066
1023
687
564
1325
1022
623
611
275
213
1190
1189
501
479
124
558
465
1103
872
797
775
488
286
252
178
160
747
438
30
1331
1237
1201
1179
273
85
1319
1304
1089
910
457
258
51
4
1144
954
791
208
183
1148
1052
766
649
385
1330
1182
1068
827
685
628
354
903
168
74
97
335
512
1322
476
68
638
714
962
934
938
841
11
1181
941
877
618
228
1327
1241
1093
467
1221
1057
601
93
1021
980
898
806
527
473
254
184
40
679
431
411
673
974
717
143
521
696
1085
1059
175
120
1233
1206
805
186
1274
853
448
835
824
1196
1064
931
914
129
83
970
315
304
66
1079
513
176
1195
1127
1096
444
311
596
71
700
1051
1024
423
393
297
617
595
378
668
975
1307
1100
305
87
368
1200
908
822
397
288
131
118
84
1134
851
517
1276
291
1286
1167
1140
744
205
1048
958
839
189
755
760
36
1145
905
667
639
556
209
573
472
217
999
642
102
909
868
581
569
425
409
885
607
70
510
187
114
1073
994
946
613
255
597
232
689
599
166
306
1202
1104
719
334
300
188
1280
706
280
262
1238
1212
1208
818
641
182
756
635
621
337
224
763
691
630
177
133
62
1154
852
373
355
241
218
778
1245
845
670
612
383
1008
750
648
549
370
164
81
1290
819
799
544
540
2
1312
1087
127
108
317
265
960
926
493
49
1026
215
73
1067
1184
603
509
406
1055
552
196
94
1076
1036
911
195
1256
830
697
442
8
1308
904
570
381
282
220
866
829
817
1165
968
507
480
170
1244
930
555
489
16
1116
1097
530
1183
1326
1223
497
3
1323
983
279
219
519
865
633
1161
1334
1166
1043
694
923
937
561
820
707
531
1273
863
247
88
365
503
1135
230
192
1299
1065
1035
927
733
451
181
172
502
688
1088
1117
1147
917
743
724
211
104
39
767
702
669
776
1091
1080
1010
636
198
145
105
98
58
920
843
588
327
1257
1174
936
779
0
1321
1278
1240
590
443
336
295
223
828
849
932
785
738
629
568
453
69
41
1230
884
793
680
362
310
216
139
1105
732
402
347
1346
1335
396
268
462
881
979
1218
1209
990
871
394
257
163
80
1199
973
935
837
498
1314
1246
1131
861
816
653
1025
1045
1268
1259
956
516
514
814
1060
944
713
307
285
212
1191
692
249
154
1231
996
619
418
77
53
1247
1204
1070
922
664
156
150
870
959
580
358
350
225
1228
1011
790
331
1130
1086
991
939
882
1110
1029
661
654
646
643
185
1004
725
534
345
106
1129
823
731
415
234
900
834
796
721
616
522
96
67
46
880
789
886
1018
577
1188
484
371
233
147
9
1193
1125
690
287
1267
1081
615
374
293
142
1303
748
65
1340
729
492
435
377
1316
574
110
1118
1309
1282
765
754
953
683
360
349
226
161
17
1279
1235
1216
986
627
323
1164
1141
1114
579
571
404
1337
1260
1210
1178
795
566
414
446
298
269
132
584
1180
874
486
86
966
495
356
788
1186
1194
1272
559
283
1133
1044
952
854
271
59
1173
1034
981
554
1163
1236
943
844
698
264
1297
1092
130
152
278
506
575
815
490
64
759
831
5
833
541
395
325
162
1255
587
468
344
277
1339
591
1150
984
878
751
550
499
825
777
708
449
15
13
1003
848
774
113
1027
626
424
359
52
1250
1115
783
144
1005
889
563
91
78
761
149
1313
1061
808
242
390
634
1038
1040
998
988
101
741
608
1258
993
655
351
128
1094
1172
289
720
850
582
929
420
296
47
888
407
1090
701
609
450
1203
210
1263
606
191
1227
1226
1153
745
576
542
650
25
916
873
869
640
557
430
324
366
111
199
1311
320
474
955
651
1222
1338
1187
813
768
332
1265
987
432
722
565
545
82
112
742
496
363
200
204
1168
1016
933
883
235
1225
919
427
316
45
238
1345
1123
1030
461
391
367
116
115
1220
963
572
313
201
56
1328
1315
1207
1177
1175
704
401
312
1251
1152
1098
951
842
328
736
718
684
1270
491
464
437
388
380
203
194
20
810
1275
1139
947
752
400
173
1056
1009
594
553
454
303
301
263
997
739
518
426
348
326
274
50
1047
780
663
548
434
126
802
737
681
907
972
227
22
125
413
466
539
1078
1229
1213
1050
856
847
602
1214
950
894
892
439
346
1143
260
1170
699
429
92
90
364
43
7
398
746
1142
1111
995
1324
965
876
753
749
740
382
659
625
483
180
153
100
44
1285
807
622
1317
1083
957
711
387
1300
1160
826
469
433
1
1012
1281
1121
526
37
897
686
537
1264
821
471
447
24
1254
1162
1291
1095
1075
505
436
261
961
840
662
460
28
179
72
771
529
419
253
1198
940
735
620
508
1120
1224
1074
801
772
682
532
214
1217
1119
862
859
403
372
1006
982
672
1342
1252
949
583
422
410
399
379
716
1013
969
812
361
159
977
1015
1020
1132
1113
536
329
308
1215
459
408
340
109
89
1329
985
804
562
321
299
75
1332
942
292
266
121
6
135
921
913
560
1277
1211
1122
1102
165
155
60
136
1171
1028
657
723
353
122
343
330
190
23
284
632
773
1033
906
867
535
54
57
389
79
27
764
270
246
1261
879
875
357
134
18
458
547
610
660
645
137
117
1336
1234
248
1041
1197
123
1289
976
237
61
1007
858
551
412
250
1296
1101
803
1248
1054
417
1288
1137
762
1084
42
1185
586
528
1294
1032
658
964
727
259
138
1344
231
14
26
32
470
1042
1310
1269
1138
781
1158
857
782
416
1192
193
1106
1077
533
500
1333
1341
1000
715
666
644
1099
864
676
244
197
1136
652
637
206
665
589
477
341
48
440
441
675
593
478
318
1318
1069
55
1242
1253
322
12
726
918
445
95
1001
978
899
494
1037
1031
925
1107
600
485
1108
1049
832
421
267
1071
896
770
598
809
1293
1058
989
891
614
245
158
1301
1284
1243
836
302
928
792
276
1155
1159
1109
1019
1072
475
148
945
338
19
728
481
456
141
35
1128
890
887
677
631
1157
798
1219
236
1271
709
463
314
256
674
515
487
38
538
333
174
76
202
290
800
678
1146
893
239
167
1053
1205
1112
895
33
784
902
140
811
1169
1062
1266
656
1320
1082
567
428
1287
924
511
1343
1126
915
272
243
169
1002
524
222
99
671
221
63
1306
1292
1262
730
710
384
240
1151
855
838
525
504
1232
846
207
107
103
1014
1124
971
339
119
1283
647
455
352
34
734
1249
1063
1039
901
482
319
1305
1295
758
546
375
948
585
251
712
578
281
171
1239
1298
703
605
405
992
787
705
693
151
146
21
757
29
10
786
769
592
309
1302
523
452
386
229
794
369
157
520
860
695
912
1156
1017
392
342
1149
967
624
543
604
376
1046
294
31
1176
1066
1023
687
564
1325
1022
623
611
275
213
1190
1189
501
479
124
558
465
1103
872
797
775
488
286
252
178
160
747
438
30
1331
1237
1201
1179
273
85
1319
1304
1089
910
457
258
51
4
1144
954
791
208
183
1148
1052
766
649
385
1330
1182
1068
827
685
628
354
903
168
74
97
335
512
1322
476
68
638
714
962
934
938
841
11
1181
941
877
618
228
1327
1241
1093
467
1221
1057
601
93
1021
980
898
806
527
473
254
184
40
679
431
411
673
974
717
143
521
696
1085
1059
175
120
1233
1206
805
186
1274
853
448
835
824
1196
1064
931
914
129
83
970
315
304
66
1079
513
176
1195
1127
1096
444
311
596
71
700
1051
1024
423
393
297
617
595
378
668
975
1307
1100
305
87
368
1200
908
822
397
288
131
118
84
1134
851
517
1276
291
1286
1167
1140
744
205
1048
958
839
189
755
760
36
1145
905
667
639
556
209
573
472
217
999
642
102
909
868
581
569
425
409
885
607
70
510
187
114
1073
994
946
613
255
597
232
689
599
166
306
1202
1104
719
334
300
188
1280
706
280
262
1238
1212
1208
818
641
182
756
635
621
337
224
763
691
630
177
133
62
1154
852
373
355
241
218
778
1245
845
670
612
383
1008
750
648
549
370
164
81
1290
819
799
544
540
2
1312
1087
127
108
317
265
960
926
493
49
1026
215
73
1067
1184
603
509
406
1055
552
196
94
1076
1036
911
195
1256
830
697
442
8
1308
904
570
381
282
220
866
829
817
1165
968
507
480
170
1244
930
555
489
16
1116
1097
530
1183
1326
1223
497
3
1323
983
279
219
519
865
633
1161
1334
1166
1043
694
923
937
561
820
707
531
1273
863
247
88
365
503
1135
230
192
